20 20
1 1 1 1 1 1 1 1 1 1 1 1 1 1 1 1 1 1 1 1
1 1 1 0 0 0 0 0 0 0 1 1 1 0 0 0 0 1 0 1
1 1 0 0 0 0 0 0 0 0 0 0 0 0 0 0 0 0 0 1
1 0 0 0 0 0 0 0 0 0 0 0 0 0 0 0 0 0 1 1
1 0 0 0 1 1 1 0 0 1 0 0 0 0 1 1 1 1 1 1
1 0 0 0 1 1 1 0 0 1 0 0 0 0 0 1 1 1 0 1
1 0 0 0 1 1 1 0 0 1 0 0 0 0 0 0 0 0 0 1
1 0 0 0 0 0 0 0 0 1 0 0 0 0 0 1 1 1 1 1
1 0 2 2 0 0 0 0 0 1 0 0 0 0 0 1 1 1 1 1
1 1 0 0 0 0 1 1 1 1 0 0 0 0 1 1 1 1 1 1
1 0 0 0 0 0 1 1 1 1 1 1 1 0 0 0 0 0 0 1
1 0 0 0 0 0 0 0 0 0 0 0 0 0 0 0 0 0 0 1
1 0 0 0 0 0 0 0 0 0 0 0 0 0 0 0 0 0 0 1
1 1 1 1 1 1 0 0 0 0 0 0 0 0 0 0 0 0 1 1
1 1 1 1 1 1 0 0 0 0 0 0 0 0 0 0 0 0 1 1
1 1 1 1 1 1 1 1 0 0 0 0 0 0 0 0 0 1 1 1
1 1 1 1 1 0 0 0 0 0 0 0 0 0 0 0 1 1 1 1
1 1 1 0 0 0 0 0 0 1 1 1 1 0 0 0 1 1 1 1
1 1 1 0 0 0 0 0 0 0 0 1 1 1 1 1 1 1 1 1
1 1 1 1 1 1 1 1 1 1 1 1 1 1 1 1 1 1 1 1
0 10 6 10